16:30	73.47	9.24	4.57	4.62
16:35	74.15	9.05	4.81	4.72
16:40	73.52	9.68	4.57	4.24
16:45	73.76	9.73	4.38	4.29
16:50	74.24	9.68	4.57	4.00
16:55	74.58	9.68	4.33	3.71
17:00	74.96	10.01	4.24	3.51
17:06	74.96	10.06	4.81	3.56
17:11	75.35	9.68	4.43	3.47
17:16	75.40	9.63	4.53	3.47
17:21	75.78	9.53	4.43	3.47
17:26	76.12	9.44	4.33	3.42
17:31	76.12	9.97	4.91	3.18
17:36	76.31	9.68	4.91	3.47
17:41	76.50	9.82	4.86	2.94
17:46	76.60	9.73	4.91	2.89
17:51	76.65	10.01	4.57	3.42
17:57	76.79	9.82	4.24	3.42
18:02	76.79	9.97	4.53	3.42
18:07	76.79	10.06	4.91	3.51
18:12	76.79	10.11	4.43	3.51
18:17	76.99	10.06	4.91	3.47
18:22	76.99	10.21	4.14	3.03
18:27	77.03	9.97	4.91	3.47
18:32	77.08	10.01	4.96	2.99
18:37	77.23	9.97	5.06	3.23
18:42	77.23	9.97	5.01	3.18
18:47	77.32	9.87	4.81	3.23
18:52	77.37	9.97	4.67	2.94
18:57	77.37	10.16	4.57	3.13
19:02	77.42	10.21	4.67	2.84
19:07	77.47	10.21	4.57	3.18
19:13	77.42	10.78	4.04	3.18
19:18	77.47	10.78	4.19	3.03
19:23	77.52	10.83	4.14	3.18
19:28	77.52	10.78	4.29	3.18
19:33	78.24	10.16	4.29	3.18
19:38	78.05	10.45	4.09	3.27
19:43	78.19	10.35	4.09	2.99
19:48	78.29	10.30	3.47	3.08
19:53	78.33	10.26	3.47	3.13
19:58	78.24	10.35	4.00	2.84
20:03	78.29	10.30	4.09	2.99
20:08	78.29	10.35	4.09	2.94
20:13	78.38	10.35	3.90	2.99
20:18	78.48	10.30	4.33	2.94
20:24	78.53	10.35	4.48	2.70
20:29	78.57	10.40	4.38	2.89
20:34	78.57	10.40	4.38	3.03
20:39	78.72	10.40	4.43	2.89
20:44	78.72	10.45	4.43	2.99
20:49	79.01	10.40	4.43	2.65
20:54	79.59	9.82	4.48	2.89
20:59	79.59	9.92	4.48	2.74
21:04	79.59	9.73	4.09	2.65
21:09	79.63	9.92	4.53	2.74
21:14	79.63	9.97	4.14	2.99
21:19	79.68	9.87	4.19	2.94
21:24	79.73	9.87	4.48	2.36
21:29	79.73	9.97	4.24	2.89
21:34	79.73	9.97	4.33	2.60
21:39	79.68	10.06	4.53	2.79
21:44	79.68	10.30	4.14	2.60
21:49	79.68	10.40	4.09	2.65
21:54	79.73	10.45	4.00	2.60
22:00	79.68	10.50	3.42	2.26
22:05	79.87	10.40	4.04	2.55
22:10	79.87	10.40	3.95	2.55
22:15	80.45	9.77	4.09	2.55
22:20	81.03	9.29	4.04	2.55
22:25	81.13	9.29	3.90	2.60
22:30	81.13	9.29	4.00	2.46
22:35	81.22	9.20	3.56	2.84
22:40	81.17	9.34	3.95	2.41
22:45	81.37	9.15	3.90	2.55
22:50	81.37	9.15	4.04	2.50
22:55	81.32	9.20	3.80	2.55
23:00	81.42	9.10	3.90	2.41
23:05	81.42	9.05	4.19	2.55
23:10	81.42	9.10	3.95	2.31
23:15	81.37	9.10	4.29	2.41
23:20	81.46	9.20	4.09	2.55
23:25	81.32	9.34	4.14	2.60
23:30	81.46	9.20	3.66	2.65
23:35	81.37	9.29	4.09	2.50
23:40	81.42	9.24	4.24	2.31
23:45	81.66	9.00	4.14	2.26
23:51	81.42	9.24	4.00	2.41
23:56	81.37	9.15	3.47	2.31
00:01	81.51	9.15	4.00	2.41
00:06	81.51	9.15	4.00	2.31
00:11	81.51	9.15	3.66	2.26
00:16	81.51	9.15	3.90	2.21
00:21	81.46	8.81	3.32	2.26
00:26	81.46	9.20	3.61	2.17
00:31	81.46	9.15	3.66	2.17
00:36	81.85	9.24	3.61	2.17
00:41	81.85	9.20	3.61	2.26
00:46	81.80	8.67	3.56	1.83
00:51	81.85	9.20	3.76	2.07
00:56	81.90	9.15	3.66	1.73
01:01	81.90	9.24	3.51	1.73
01:06	81.85	9.34	3.47	1.88
01:11	81.90	9.20	3.85	1.88
01:16	81.95	9.20	3.85	1.78
01:21	81.95	9.20	3.76	1.78
01:26	81.95	9.20	3.76	1.69
01:32	81.95	9.20	3.76	1.69
01:37	81.90	9.24	3.80	2.12
01:42	81.90	9.24	3.76	1.69
01:47	81.90	9.24	3.76	1.83
01:52	81.90	9.29	3.76	1.69
01:57	81.95	9.20	3.80	1.69
02:02	81.90	9.20	3.85	1.83
02:07	81.90	9.24	3.76	1.64
02:12	82.33	8.91	3.71	1.64
02:17	82.04	9.20	3.80	1.93
02:22	81.99	9.34	3.61	1.69
02:27	82.23	9.00	3.85	1.69
02:32	82.04	9.20	3.76	1.73
02:37	81.99	9.39	3.76	1.78
02:42	82.23	9.05	3.90	1.64
02:47	82.33	9.00	3.85	1.54
02:52	82.33	9.05	3.76	1.54
02:57	82.33	9.10	3.76	1.64
03:02	82.33	9.05	3.76	1.54
03:08	82.33	9.00	3.76	1.93
03:13	82.33	9.05	3.80	1.54
03:18	82.28	9.05	3.27	1.73
03:23	82.33	9.34	3.51	1.64
03:28	82.33	9.29	3.56	1.49
03:33	82.33	9.24	3.61	1.54
03:38	82.33	9.24	3.61	1.49
03:43	82.38	9.20	3.61	1.49
03:48	82.38	9.24	3.61	1.54
03:53	82.38	9.24	3.56	1.49
03:58	82.43	9.15	3.66	1.59
04:03	82.43	9.15	3.66	1.49
04:08	82.43	9.15	3.66	1.49
04:13	82.43	9.15	3.66	1.59
04:18	82.43	9.24	3.56	1.49
04:23	82.43	9.15	3.66	1.59
04:28	82.43	9.15	3.66	1.59
04:33	82.43	9.15	3.66	1.49
04:38	82.43	9.29	3.51	1.59
04:43	82.62	8.91	3.71	1.49
04:48	82.57	9.00	3.42	1.54
04:53	82.57	9.05	3.61	1.64
04:59	82.57	8.91	3.76	1.44
05:04	82.57	9.00	3.66	1.54
05:09	82.57	9.00	3.66	1.44
05:14	82.57	8.96	3.71	1.64
05:19	82.57	9.00	3.66	1.54
05:24	82.57	9.10	3.27	1.59
05:29	82.57	9.05	3.61	1.59
05:34	82.52	9.00	3.66	1.54
05:39	82.57	9.10	3.47	1.54
05:44	82.57	9.00	3.66	1.44
05:49	82.57	9.00	3.66	1.54
05:54	82.57	9.05	3.32	1.44
05:59	82.57	9.00	3.66	1.44
06:04	82.62	8.96	3.66	1.44
06:09	82.72	8.86	3.61	1.64
06:14	82.76	8.86	3.66	1.54
06:19	82.86	8.81	3.61	1.40
06:24	82.86	8.86	3.56	1.54
06:29	82.86	8.86	3.56	1.40
06:34	82.86	8.91	3.56	1.40
06:39	82.86	8.86	3.56	1.40
06:44	82.86	8.91	3.56	1.35
06:50	82.86	8.91	3.56	1.49
06:55	82.86	8.96	3.56	1.35
07:00	82.86	8.91	3.61	1.30
07:05	82.86	8.91	3.61	1.35
07:10	83.00	8.81	3.56	1.30
07:15	83.00	8.76	3.61	1.40
07:20	83.00	8.76	3.61	1.44
07:25	83.00	8.86	3.51	1.30
07:30	83.00	8.71	3.66	1.44
07:35	83.00	8.86	3.56	1.30
07:40	83.05	8.76	3.61	1.20
07:45	83.05	8.76	3.61	1.25
07:50	83.05	8.76	3.61	1.20
07:55	83.05	8.71	3.66	1.25
08:00	83.05	8.71	3.66	1.35
08:05	83.05	8.71	3.66	1.35
08:10	83.05	8.76	3.61	1.35
08:15	83.05	8.71	3.66	1.25
08:20	83.05	8.76	3.61	1.25
08:25	83.05	8.71	3.61	1.35
08:30	83.05	8.76	3.56	1.16
08:35	83.10	8.86	3.37	1.30
08:41	83.10	8.67	3.66	1.25
08:46	83.10	8.71	3.61	1.25
08:51	83.10	8.67	3.66	1.25
08:56	83.10	8.67	3.66	1.25
09:01	83.10	8.67	3.61	1.25
09:06	83.10	8.67	3.56	1.25
09:11	83.10	8.67	3.61	1.25
09:16	83.10	8.67	3.61	1.25
09:21	83.10	8.67	3.61	1.06
09:26	83.10	8.71	3.61	1.25
09:31	83.10	8.71	3.61	1.35
09:36	83.10	8.71	3.66	1.25
09:41	83.10	8.71	3.66	1.25
09:46	83.15	8.67	3.61	1.25
09:51	83.39	8.38	3.61	1.25
09:56	83.39	8.38	3.71	1.35
10:01	83.39	8.38	3.71	1.20
10:06	83.39	8.47	3.56	1.25
10:12	83.44	8.38	3.71	1.25
10:17	83.44	8.62	3.37	1.20
10:22	83.44	8.38	3.71	1.25
10:27	83.44	8.38	3.66	1.25
10:32	83.44	8.43	3.71	1.25
10:37	83.44	8.38	3.66	1.20
10:42	83.44	8.57	3.23	1.35
10:47	83.44	8.38	3.66	1.06
10:53	83.44	8.43	3.71	1.25
10:58	83.44	8.43	3.71	1.16
11:03	83.44	8.43	3.76	1.01
11:08	83.44	8.47	3.76	1.06
11:13	83.44	8.47	3.76	1.20
11:18	83.44	8.47	3.76	0.96
11:23	83.44	8.43	3.80	1.20
11:28	83.44	8.43	3.80	1.25
11:33	83.44	8.43	3.76	1.16
11:38	83.44	8.43	3.76	1.20
11:43	83.49	8.43	3.71	1.20
11:48	83.49	8.43	3.80	1.01
11:54	83.49	8.43	3.76	1.25
11:59	83.49	8.47	3.71	1.01
12:04	83.49	8.62	3.51	1.20
12:09	83.49	8.47	3.66	1.35
12:14	83.49	8.47	3.71	1.16
12:19	83.49	8.57	3.61	1.25
12:24	83.49	8.47	3.76	1.25
12:29	83.49	8.47	3.80	0.96
12:34	83.49	8.52	3.61	1.30
12:39	83.53	8.43	3.76	1.11
12:44	83.53	8.47	3.71	1.16
12:49	83.53	8.43	3.76	1.20
12:54	83.53	8.43	3.80	1.16
12:59	83.53	8.38	3.80	1.16
13:05	83.53	8.52	3.32	1.11
13:10	83.53	8.43	3.71	1.11
13:15	83.53	8.38	3.76	1.20
13:20	83.53	8.38	3.76	1.20
13:25	83.53	8.43	3.71	1.11
13:30	83.58	8.38	3.76	1.20
13:35	83.58	8.38	3.76	1.11
13:41	83.63	8.38	3.76	0.96
13:46	83.63	8.38	3.76	1.20
13:51	83.63	8.47	3.66	1.20
13:56	83.63	8.47	3.66	1.16
14:01	83.63	8.47	3.71	0.96
14:06	83.63	8.47	3.71	1.11
14:11	83.58	8.52	3.71	0.91
14:16	83.58	8.52	3.71	0.96
14:21	83.58	8.52	3.76	1.11
14:27	83.63	8.47	3.76	0.91
14:32	83.58	8.47	3.80	1.11
14:37	83.58	8.52	3.80	1.01
14:42	83.58	8.47	3.80	1.20
14:47	83.58	8.47	3.80	1.06
14:52	83.63	8.43	3.80	1.11
14:57	83.63	8.43	3.76	0.96
15:02	83.63	8.47	3.71	1.01
15:07	83.68	8.43	3.71	1.06
15:12	83.68	8.47	3.61	0.87
15:17	83.68	8.47	3.66	1.16
15:22	83.73	8.43	3.66	0.87
15:27	83.73	8.67	3.42	1.16
15:33	83.73	8.57	3.51	1.06
15:38	83.77	8.43	3.61	0.96
15:43	83.77	8.47	3.56	1.16
15:48	83.73	8.47	3.56	0.96
15:53	83.77	8.43	3.51	0.96
15:58	83.77	8.43	3.56	0.91
16:03	83.77	8.47	3.47	1.01
16:08	83.77	8.52	3.42	1.06
16:13	83.73	8.57	3.47	0.96
16:18	83.68	8.62	3.47	1.11
16:23	83.68	8.62	3.51	1.06
16:28	83.68	8.57	3.51	1.01
16:33	83.68	8.57	3.56	1.06
16:38	83.68	8.62	3.80	1.06
16:43	83.68	8.62	3.51	1.06
16:48	83.68	8.62	3.47	1.01
16:53	83.68	8.67	3.51	0.96
16:58	83.68	8.67	3.51	1.16
17:03	83.68	8.67	3.51	0.96
17:08	83.68	8.67	3.51	1.01
17:13	83.68	8.67	3.51	0.91
17:18	83.68	8.67	3.51	0.91
17:23	83.68	8.67	3.85	1.01
17:29	83.68	8.67	3.51	0.91
17:34	83.68	8.67	3.95	0.87
17:39	83.68	8.67	3.56	0.91
17:44	83.68	8.67	3.56	0.91
17:49	83.68	8.67	3.56	0.91
17:54	83.68	8.67	3.56	0.91
17:59	83.68	8.67	3.56	0.91
18:04	83.73	8.62	3.56	1.01
18:09	83.77	8.62	3.51	0.91
18:14	83.77	8.62	3.51	1.01
18:19	83.77	8.67	3.47	1.11
18:24	83.77	8.71	3.42	0.87
18:29	83.77	8.62	3.47	0.96
18:34	83.82	8.67	3.51	0.87
18:39	83.87	8.57	3.56	0.96
18:44	83.87	8.57	3.61	0.96
18:49	83.92	8.62	3.47	0.87
18:54	83.92	8.62	3.85	0.96
18:59	83.92	8.71	3.37	0.87
19:04	83.92	8.57	3.90	0.96
19:10	83.92	8.57	3.56	0.91
19:15	83.92	8.57	4.00	1.01
19:20	83.92	8.57	3.56	1.01
19:25	83.92	8.57	3.56	0.91
19:30	83.92	8.67	3.47	1.01
19:35	83.92	8.71	3.42	1.01
19:40	83.92	8.71	3.42	1.06
19:45	83.92	8.71	3.42	0.91
19:50	83.92	8.57	3.56	0.91
19:55	83.92	8.57	3.56	0.91
20:01	83.92	8.57	3.51	0.91
20:06	83.97	8.57	3.42	0.91
20:11	83.97	8.57	3.51	0.91
20:16	83.97	8.57	3.51	0.87
20:21	83.97	8.57	3.51	0.91
20:26	83.97	8.57	3.51	0.87
20:31	83.97	8.71	3.37	0.91
20:36	83.97	8.67	3.42	0.87
20:41	83.97	8.71	3.37	0.91
20:46	83.97	8.67	3.42	0.91
20:51	83.97	8.71	3.37	0.91
20:56	83.97	8.71	3.37	0.91
21:01	83.97	8.67	3.42	0.91
21:06	83.97	8.71	3.37	0.91
21:12	83.97	8.76	3.32	0.91
21:17	83.97	8.76	3.32	0.91
21:22	84.26	8.38	3.37	0.87
21:27	84.02	8.71	3.32	0.91
21:32	83.97	8.76	3.32	0.91
21:37	84.02	8.71	3.32	0.91
21:42	83.97	8.71	3.37	0.91
21:47	83.97	8.76	3.32	0.91
21:52	83.97	8.76	3.32	0.91
21:57	83.97	8.71	3.37	0.91
22:02	84.02	8.62	3.42	0.91
22:07	83.97	8.71	3.37	1.01
22:12	84.02	8.62	3.47	0.91
22:17	84.02	8.71	3.32	0.87
22:22	84.02	8.67	3.37	0.87
22:27	84.35	8.28	3.37	0.87
22:32	84.02	8.67	3.37	0.91
22:37	84.06	8.62	3.42	0.87
22:42	84.30	8.38	3.32	0.87
22:47	84.30	8.38	3.42	0.87
22:52	84.30	8.38	3.32	0.87
22:57	84.30	8.38	3.32	0.87
23:02	84.30	8.71	3.03	0.87
23:08	84.30	8.33	3.37	0.87
23:13	84.35	8.28	3.42	0.87
23:18	84.35	8.28	3.42	0.87
23:23	84.35	8.33	3.32	0.87
23:28	84.30	8.33	3.42	0.87
23:33	84.35	8.33	3.32	0.87
23:38	84.35	8.33	3.37	0.87
23:43	84.40	8.28	3.42	0.87
23:48	84.35	8.33	3.37	0.87
23:53	84.30	8.38	3.42	0.87
23:58	84.30	8.38	3.37	0.87
00:03	84.30	8.38	3.42	0.87
00:08	84.30	8.38	3.37	0.87
00:13	84.30	8.38	3.42	0.87
00:18	84.30	8.43	3.37	0.87
00:23	84.40	8.28	3.37	0.87
00:28	84.35	8.43	3.32	0.82
00:33	84.35	8.47	3.27	0.87
00:38	84.35	8.43	3.32	0.82
00:43	84.26	8.67	3.18	0.82
00:48	84.26	8.91	2.94	0.77
00:53	84.26	8.52	3.42	0.82
00:58	84.30	8.67	3.13	0.82
01:04	84.30	8.96	2.99	0.77
01:09	84.30	8.67	3.23	0.77
01:14	84.30	8.96	2.89	0.77
01:19	84.30	9.00	2.94	0.77
01:24	84.35	8.91	3.08	0.72
01:29	84.40	8.86	2.94	0.72
01:34	84.35	8.91	3.03	0.72
01:39	84.35	9.00	2.99	0.72
01:44	84.40	9.00	2.89	0.67
01:49	84.40	9.00	2.89	0.67
01:54	84.40	9.00	2.84	0.77
01:59	84.40	8.91	3.08	0.63
02:04	84.40	9.00	3.03	0.63
02:09	84.45	8.96	3.37	0.63
02:14	84.50	8.91	3.18	0.63
02:19	84.50	8.86	3.42	0.63
02:24	84.50	8.91	3.32	0.63
02:29	84.50	8.81	3.23	0.63
02:34	84.55	8.67	3.03	0.82
02:39	84.55	8.81	3.32	0.67
02:44	84.55	8.76	3.03	0.63
02:49	84.55	8.76	3.08	0.67
02:54	84.59	8.76	3.08	0.67
03:00	84.69	8.81	2.99	0.67
03:05	84.69	8.76	3.42	0.67
03:10	84.74	8.67	3.47	0.67
03:15	84.79	8.57	3.51	0.67
03:20	84.79	8.43	3.51	0.67
03:25	84.79	8.38	3.47	0.72
03:30	84.79	8.52	3.37	0.67
03:35	84.79	8.52	3.32	0.67
03:40	84.74	8.67	3.23	0.72
03:45	84.74	8.67	3.27	0.67
03:50	84.74	8.67	3.23	0.72
03:55	84.74	8.67	3.13	0.72
04:00	84.69	8.67	3.23	0.72
04:05	84.79	8.62	3.18	0.72
04:10	84.79	8.57	3.18	0.82
04:15	84.88	8.62	3.13	0.82
04:20	84.83	8.62	3.23	0.82
04:25	84.79	8.62	3.27	0.82
04:30	84.79	8.71	3.18	0.82
04:35	84.88	8.62	3.18	0.82
04:40	84.88	8.62	3.23	0.87
04:46	84.93	8.57	3.18	0.82
04:51	84.88	8.52	3.27	0.67
04:56	84.88	8.57	3.32	0.67
05:01	84.88	8.52	3.27	0.77
05:06	85.03	8.47	3.27	0.72
05:11	84.98	8.52	3.18	0.72
05:16	84.93	8.57	3.18	0.67
05:21	84.93	8.52	3.23	0.67
05:26	84.88	8.52	3.27	0.67
05:31	84.93	8.57	3.18	0.67
05:36	84.88	8.57	3.23	0.67
05:41	84.88	8.52	3.27	0.72
05:46	84.93	8.52	3.23	0.67
05:51	84.98	8.43	3.23	0.72
05:56	84.98	8.47	3.18	0.67
06:01	84.98	8.43	3.27	0.72
06:06	84.98	8.43	3.23	0.77
06:11	84.98	8.43	3.18	0.67
06:16	84.98	8.38	3.23	0.72
06:21	84.98	8.43	3.18	0.72
06:26	84.98	8.33	3.27	0.63
06:31	84.98	8.28	3.32	0.67
06:36	84.98	8.28	3.32	0.63
06:41	84.98	8.28	3.42	0.67
06:47	84.98	8.33	3.32	0.72
06:52	84.88	8.38	3.32	0.72
06:57	84.88	8.52	3.32	0.72
07:02	84.88	8.47	3.23	0.67
07:07	84.88	8.57	3.27	0.72
07:12	84.88	8.38	3.32	0.63
07:17	84.93	8.38	3.32	0.67
07:22	84.93	8.38	3.42	0.72
07:27	84.93	8.38	3.32	0.67
07:32	84.88	8.38	3.47	0.67
07:37	84.93	8.43	3.37	0.67
07:42	84.88	8.38	3.47	0.67
07:47	84.88	8.38	3.47	0.67
07:52	84.88	8.38	3.47	0.67
07:57	84.98	8.28	3.47	0.67
08:02	84.93	8.43	3.42	0.72
08:07	84.93	8.33	3.47	0.67
08:12	84.93	8.52	3.27	0.72
08:17	84.98	8.28	3.42	0.67
08:22	84.98	8.28	3.42	0.67
08:27	84.98	8.33	3.37	0.67
08:32	84.98	8.28	3.47	0.63
08:37	84.93	8.38	3.47	0.67
08:42	85.03	8.23	3.51	0.67
08:48	85.03	8.43	3.37	0.72
08:53	85.07	8.18	3.51	0.72
08:58	85.03	8.18	3.51	0.72
09:03	85.12	8.09	3.51	0.72
09:08	85.07	8.14	3.56	0.72
09:13	84.93	8.28	3.56	0.72
09:18	85.03	8.28	3.32	0.91
09:23	84.88	8.33	3.56	0.72
09:28	85.12	8.09	3.56	0.67
09:33	85.07	8.14	3.51	0.67
09:38	85.12	8.09	3.56	0.63
09:43	85.07	8.18	3.47	0.67
09:48	84.98	8.28	3.51	0.67
09:53	85.07	8.18	3.51	0.67
09:59	85.07	8.23	3.51	0.67
10:04	85.07	8.23	3.51	0.67
10:09	85.07	8.23	3.47	0.67
10:14	85.07	8.23	3.47	0.67
10:19	85.03	8.33	3.47	0.67
10:24	85.07	8.28	3.47	0.67
10:29	85.07	8.33	3.42	0.67
10:34	85.07	8.28	3.47	0.67
10:39	84.93	8.43	3.47	0.67
10:44	85.07	8.28	3.47	0.63
10:49	85.07	8.28	3.47	0.72
10:54	84.93	8.38	3.51	0.67
11:00	85.07	8.28	3.47	0.67
11:05	85.07	8.28	3.51	0.72
11:10	85.03	8.33	3.51	0.67
11:15	84.93	8.43	3.47	0.67
11:20	85.03	8.33	3.47	0.72
11:25	84.98	8.38	3.51	0.67
11:31	84.93	8.43	3.51	0.72
11:36	84.98	8.38	3.42	0.63
11:41	84.93	8.43	3.56	0.67
11:46	84.93	8.38	3.56	0.67
11:51	84.98	8.43	3.47	0.67
11:57	84.98	8.43	3.42	0.72
12:02	84.98	8.43	3.51	0.72
12:07	84.93	8.38	3.51	0.67
12:12	84.98	8.38	3.51	0.72
12:17	84.93	8.43	3.56	0.67
12:22	84.98	8.38	3.56	0.72
12:28	84.98	8.38	3.51	0.72
12:33	84.98	8.38	3.51	0.72
12:38	84.98	8.38	3.56	0.67
12:43	84.98	8.43	3.51	0.72
12:49	84.98	8.38	3.47	0.67
12:54	84.98	8.43	3.42	0.63
12:59	84.98	8.43	3.42	0.67
13:04	84.98	8.43	3.42	0.67
13:09	85.12	8.14	3.66	0.72
13:15	85.12	8.23	3.47	0.67
13:20	85.12	8.18	3.51	0.67
13:25	85.12	8.28	3.18	0.67
13:30	85.12	8.23	3.18	0.67
13:35	85.12	8.23	3.13	0.67
13:40	85.12	8.23	3.18	0.67
13:45	85.12	8.23	3.18	0.67
13:50	85.12	8.23	3.08	0.67
13:55	85.12	8.18	3.18	0.67
14:00	85.03	8.33	3.08	0.72
14:05	85.07	8.33	3.08	0.63
14:11	85.17	8.23	3.08	0.67
14:16	85.17	8.23	3.08	0.67
14:21	85.17	8.23	3.08	0.67
14:26	85.17	8.23	3.13	0.67
14:31	85.17	8.18	3.18	0.67
14:36	85.22	8.18	3.13	0.63
14:41	85.22	8.18	3.13	0.67
14:46	85.22	8.18	3.13	0.67
14:51	85.22	8.18	3.13	0.63
14:56	85.22	8.23	3.08	0.67
15:01	85.22	8.18	3.13	0.67
15:06	85.22	8.18	3.13	0.67
15:11	85.17	8.18	3.13	0.67
15:16	85.22	8.23	3.13	0.67
15:21	85.22	8.18	3.13	0.67
15:27	85.22	8.23	3.08	0.67
15:32	85.22	8.18	3.13	0.63
15:37	85.22	8.23	3.08	0.63
15:42	85.22	8.23	3.13	0.67
15:47	85.22	8.23	3.08	0.67
15:52	85.22	8.23	3.08	0.72
15:57	85.27	8.18	3.03	0.63
16:02	85.27	8.18	3.08	0.67
16:07	85.32	8.18	3.03	0.67
16:13	85.32	8.18	3.03	0.67
16:18	85.32	8.18	3.03	0.67
16:23	85.27	8.28	2.99	0.72
16:28	85.27	8.28	2.99	0.67
16:33	85.27	8.28	2.99	0.67
16:38	85.27	8.28	2.99	0.67
16:43	85.27	8.28	2.99	0.67
16:48	85.27	8.28	2.99	0.67
16:53	85.27	8.28	2.99	0.67
16:58	85.27	8.28	2.99	0.67
17:04	85.27	8.28	2.99	0.67
17:09	85.27	8.23	3.03	0.67
17:14	85.27	8.28	2.99	0.67
17:19	85.27	8.28	2.99	0.72
17:24	85.27	8.28	2.99	0.67
17:29	85.27	8.28	2.94	0.67
17:34	85.27	8.28	2.94	0.67
17:39	85.22	8.33	2.99	0.67
17:44	85.27	8.28	2.99	0.67
17:50	85.22	8.33	2.94	0.67
17:55	85.22	8.33	2.99	0.67
18:00	85.22	8.33	2.94	0.72
18:05	85.22	8.28	2.99	0.72
18:10	85.22	8.33	2.94	0.77
18:15	85.22	8.33	2.94	0.72
18:20	85.22	8.33	3.03	0.72
18:25	85.22	8.33	2.94	0.72
18:30	85.22	8.33	2.99	0.67
18:35	85.22	8.33	2.94	0.67
18:41	85.22	8.33	2.94	0.58
18:46	85.22	8.33	2.94	0.72
18:51	85.22	8.33	2.94	0.72
18:56	85.22	8.33	2.94	0.72
19:01	85.22	8.33	2.94	0.72
19:06	85.22	8.33	2.94	0.72
19:11	85.22	8.23	3.03	0.63
19:17	85.22	8.33	2.94	0.72
19:22	85.22	8.33	2.94	0.72
19:27	85.22	8.33	2.94	0.72
19:32	85.22	8.38	2.94	0.53
19:37	85.22	8.38	2.89	0.72
19:42	85.27	8.28	2.94	0.72
19:47	85.22	8.38	2.89	0.72
19:52	85.22	8.38	2.89	0.63
19:57	85.22	8.38	2.89	0.72
20:02	85.22	8.38	2.89	0.72
20:07	85.22	8.38	2.89	0.63
20:12	85.22	8.28	2.99	0.67
20:17	85.22	8.38	2.84	0.63
20:22	85.22	8.38	2.79	0.63
20:27	85.22	8.38	2.84	0.63
20:32	85.27	8.33	2.70	0.63
20:37	85.32	8.23	2.84	0.63
20:43	85.27	8.33	2.65	0.63
20:48	85.27	8.33	2.74	0.63
20:53	85.27	8.33	2.74	0.63
20:58	85.27	8.33	2.79	0.63
21:03	85.27	8.33	2.74	0.63
21:08	85.27	8.33	2.79	0.63
21:13	85.27	8.33	2.79	0.63
21:18	85.27	8.33	2.79	0.63
21:23	85.32	8.28	2.79	0.63
21:28	85.27	8.33	2.79	0.63
21:33	85.27	8.33	2.70	0.63
21:38	85.27	8.33	2.74	0.63
21:43	85.32	8.28	2.74	0.63
21:48	85.32	8.28	2.79	0.63
21:53	85.32	8.28	2.74	0.63
21:58	85.27	8.33	2.74	0.63
22:03	85.27	8.33	2.74	0.63
22:09	85.27	8.33	2.74	0.63
22:14	85.27	8.33	2.70	0.67
22:19	85.27	8.33	2.74	0.67
22:24	85.27	8.38	2.65	0.67
22:29	85.27	8.33	2.70	0.77
22:34	85.27	8.38	2.70	0.67
22:39	85.27	8.38	2.70	0.67
22:44	85.27	8.38	2.70	0.67
22:49	85.32	8.28	2.65	0.67
22:54	85.32	8.28	2.65	0.63
22:59	85.32	8.28	2.70	0.67
23:04	85.32	8.28	2.70	0.77
23:09	85.32	8.28	2.65	0.67
23:14	85.32	8.33	2.60	0.67
23:19	85.32	8.33	2.60	0.77
23:24	85.32	8.28	2.65	0.67
23:29	85.32	8.33	2.60	0.67
23:34	85.32	8.33	2.65	0.67
23:39	85.32	8.33	2.60	0.67
23:45	85.32	8.33	2.65	0.67
23:50	85.36	8.28	2.65	0.67
23:55	85.32	8.28	2.65	0.72
00:00	85.41	8.23	2.70	0.67
00:05	85.41	8.23	2.65	0.67
00:10	85.32	8.18	2.74	0.72
00:15	85.36	8.14	2.79	0.72
00:20	85.46	8.09	2.74	0.72
00:25	85.36	8.14	2.79	0.67
00:30	85.46	8.18	2.70	0.72
00:35	85.41	8.14	2.74	0.72
00:40	85.56	8.09	2.70	0.72
00:45	85.56	8.18	2.55	0.77
00:50	85.60	8.23	2.55	0.67
00:55	86.04	7.94	2.55	0.63
01:00	86.13	7.85	2.55	0.63
01:05	86.18	7.80	2.60	0.58
01:10	86.18	7.80	2.60	0.58
01:16	86.18	7.80	2.60	0.53
01:21	86.18	7.80	2.55	0.53
01:26	86.18	7.80	2.55	0.48
01:31	86.18	7.80	2.60	0.53
01:36	86.18	7.80	2.55	0.58
01:41	86.18	7.80	2.60	0.53
01:46	86.18	7.80	2.60	0.58
01:51	86.18	7.80	2.55	0.58
01:56	86.18	7.85	2.55	0.53
02:01	86.18	7.85	2.50	0.53
02:06	86.18	7.85	2.50	0.58
02:11	86.18	7.85	2.50	0.53
02:16	86.18	7.90	2.46	0.53
02:21	86.18	7.90	2.50	0.53
02:26	86.18	7.90	2.46	0.53
02:31	86.18	7.90	2.46	0.53
02:36	86.18	7.90	2.46	0.53
02:41	86.18	7.90	2.46	0.53
02:46	86.18	7.90	2.55	0.53
02:51	86.23	7.90	2.50	0.53
02:57	86.23	7.90	2.55	0.53
03:02	86.23	7.90	2.50	0.58
03:07	86.23	7.90	2.55	0.53
03:12	86.23	7.90	2.55	0.53
03:17	86.23	7.90	2.50	0.58
03:22	86.23	7.90	2.60	0.53
03:27	86.28	7.90	2.55	0.53
03:32	86.28	7.90	2.55	0.53
03:37	86.28	7.90	2.55	0.53
03:42	86.28	7.90	2.55	0.53
03:47	86.28	7.90	2.55	0.53
03:52	86.28	7.90	2.55	0.53
03:57	86.28	7.90	2.55	0.53
04:02	86.28	7.94	2.50	0.53
04:07	86.28	7.94	2.50	0.48
04:12	86.28	7.99	2.50	0.48
04:17	86.28	7.99	2.46	0.48
04:23	86.28	7.99	2.50	0.48
04:28	86.28	7.99	2.50	0.48
04:33	86.28	7.99	2.50	0.48
04:38	86.28	7.99	2.50	0.48
04:43	86.28	7.99	2.50	0.48
04:48	86.28	7.99	2.50	0.48
04:53	86.28	7.99	2.50	0.48
04:58	86.28	7.99	2.46	0.48
05:03	86.28	7.99	2.50	0.48
05:08	86.28	7.99	2.50	0.43
05:13	86.28	7.99	2.50	0.48
05:18	86.28	7.99	2.50	0.48
05:23	86.28	7.99	2.46	0.58
05:28	86.28	7.99	2.50	0.43
05:33	86.28	7.99	2.50	0.48
05:38	86.28	7.99	2.46	0.48
05:43	86.28	7.99	2.50	0.48
05:48	86.28	7.99	2.50	0.48
05:53	86.28	7.99	2.50	0.48
05:58	86.28	7.99	2.50	0.48
06:04	86.28	7.99	2.36	0.48
06:09	86.28	7.99	2.50	0.48
06:14	86.28	7.99	2.50	0.48
06:19	86.28	7.99	2.50	0.48
06:24	86.28	7.99	2.50	0.48
06:29	86.28	7.99	2.50	0.48
06:34	86.28	7.99	2.50	0.43
06:39	86.28	7.99	2.50	0.48
06:44	86.28	7.99	2.50	0.43
06:49	86.28	7.99	2.50	0.48
06:54	86.28	7.99	2.50	0.48
06:59	86.28	7.99	2.50	0.43
07:04	86.28	7.99	2.50	0.48
07:09	86.28	7.99	2.50	0.48
07:14	86.28	7.99	2.50	0.48
07:19	86.28	7.99	2.50	0.48
07:24	86.28	7.99	2.50	0.43
07:29	86.28	7.99	2.50	0.48
07:35	86.28	7.99	2.50	0.43
07:40	86.28	7.99	2.50	0.43
07:45	86.28	7.99	2.50	0.43
07:50	86.28	7.70	2.50	0.58
07:55	86.28	7.99	2.50	0.43
08:00	86.28	7.99	2.50	0.43
08:05	86.28	7.99	2.50	0.43
08:10	86.28	7.99	2.50	0.39
08:15	86.28	7.99	2.50	0.43
08:20	86.28	7.99	2.50	0.39
08:25	86.28	7.99	2.50	0.39
08:31	86.28	7.99	2.50	0.43
08:36	86.28	7.99	2.50	0.39
08:41	86.28	7.99	2.50	0.39
08:46	86.28	7.99	2.50	0.43
08:51	86.28	7.99	2.50	0.39
08:56	86.28	7.99	2.50	0.39
09:01	86.28	7.99	2.50	0.43
09:06	86.28	7.99	2.50	0.39
09:11	86.28	7.99	2.50	0.39
09:16	86.28	7.99	2.50	0.43
09:22	86.28	7.99	2.50	0.39
09:27	86.28	7.99	2.50	0.39
09:32	86.28	7.99	2.50	0.43
09:37	86.28	7.99	2.50	0.39
09:42	86.28	7.99	2.50	0.39
09:47	86.28	7.99	2.50	0.43
09:52	86.28	7.99	2.50	0.39
09:57	86.28	7.99	2.50	0.43
10:02	86.28	7.99	2.50	0.43
10:08	86.28	7.99	2.50	0.39
10:13	86.28	7.99	2.50	0.43
10:18	86.28	7.99	2.50	0.43
10:23	86.28	7.99	2.50	0.39
10:28	86.28	7.99	2.50	0.43
10:33	86.28	7.99	2.50	0.39
10:38	86.28	7.99	2.50	0.43
10:43	86.28	7.99	2.50	0.43
10:48	86.28	7.99	2.50	0.39
10:53	86.28	7.99	2.50	0.43
10:59	86.28	7.99	2.50	0.39
11:04	86.28	7.99	2.50	0.39
11:09	86.28	7.99	2.50	0.39
11:14	86.28	7.99	2.31	0.39
11:19	86.28	7.99	2.50	0.39
11:24	86.28	7.99	2.50	0.43
11:29	86.28	7.99	2.50	0.39
11:34	86.28	7.99	2.50	0.43
11:39	86.33	7.94	2.50	0.39
11:44	86.33	7.94	2.50	0.39
11:49	86.33	7.94	2.50	0.43
11:54	86.33	7.94	2.50	0.43
11:59	86.33	7.94	2.50	0.39
12:05	86.33	7.94	2.50	0.43
12:10	86.33	7.94	2.50	0.39
